sensor,date,measurement
light,2023-04-25 13:36:26.741076,4164
humidity,2023-04-25 13:36:26.741086,33
weight,2023-04-25 13:36:26.741088,65
weight,2023-04-25 13:36:26.741090,
humidity,2023-04-25 13:36:26.741092,57
humidity,2023-04-25 13:36:26.741094,86
humidity,2023-04-25 13:36:26.741096,
weight,2023-04-25 13:36:26.741098,85
humidity,2023-04-25 13:36:26.741099,E5
weight,2023-04-25 13:36:26.741101,51
temperature,2023-04-25 13:36:26.741103,E1
weight,2023-04-25 13:36:26.741105,162
light,2023-04-25 13:36:26.741107,1633
light,2023-04-25 13:36:26.741109,3387
weight,2023-04-25 13:36:26.741111,151
temperature,2023-04-25 13:36:26.741113,116
temperature,2023-04-25 13:36:26.741115,178
humidity,2023-04-25 13:36:26.741117,90
weight,2023-04-25 13:36:26.741119,157
weight,2023-04-25 13:36:26.741121,180
temperature,2023-04-25 13:36:26.741123,195
weight,2023-04-25 13:36:26.741125,139
weight,2023-04-25 13:36:26.741127,36
humidity,2023-04-25 13:36:26.741129,59
temperature,2023-04-25 13:36:26.741130,E2
humidity,2023-04-25 13:36:26.741132,54
light,2023-04-25 13:36:26.741134,E1
humidity,2023-04-25 13:36:26.741136,14
humidity,2023-04-25 13:36:26.741138,57
weight,2023-04-25 13:36:26.741140,86
humidity,2023-04-25 13:36:26.741141,82
temperature,2023-04-25 13:36:26.741144,59
humidity,2023-04-25 13:36:26.741145,35
temperature,2023-04-25 13:36:26.741147,36
humidity,2023-04-25 13:36:26.741149,65
humidity,2023-04-25 13:36:26.741151,73
weight,2023-04-25 13:36:26.741153,125
temperature,2023-04-25 13:36:26.741155,2
light,2023-04-25 13:36:26.741157,4829
weight,2023-04-25 13:36:26.741159,150
weight,2023-04-25 13:36:26.741160,16
weight,2023-04-25 13:36:26.741162,135
weight,2023-04-25 13:36:26.741164,6
light,2023-04-25 13:36:26.741166,1618
temperature,2023-04-25 13:36:26.741168,142
light,2023-04-25 13:36:26.741170,1370
temperature,2023-04-25 13:36:26.741172,E6
weight,2023-04-25 13:36:26.741173,196
light,2023-04-25 13:36:26.741175,3922
weight,2023-04-25 13:36:26.741177,124
light,2023-04-25 13:36:26.741179,3901
weight,2023-04-25 13:36:26.741181,130
temperature,2023-04-25 13:36:26.741183,138
light,2023-04-25 13:36:26.741185,E2
temperature,2023-04-25 13:36:26.741186,18
weight,2023-04-25 13:36:26.741188,E5
light,2023-04-25 13:36:26.741190,3716
temperature,2023-04-25 13:36:26.741192,23
humidity,2023-04-25 13:36:26.741194,55
temperature,2023-04-25 13:36:26.741195,20
humidity,2023-04-25 13:36:26.741197,73
humidity,2023-04-25 13:36:26.741199,37
light,2023-04-25 13:36:26.741201,1582
light,2023-04-25 13:36:26.741203,336
weight,2023-04-25 13:36:26.741205,97
light,2023-04-25 13:36:26.741207,5885
temperature,2023-04-25 13:36:26.741209,78
humidity,2023-04-25 13:36:26.741211,52
weight,2023-04-25 13:36:26.741212,19
humidity,2023-04-25 13:36:26.741214,20
temperature,2023-04-25 13:36:26.741216,55
temperature,2023-04-25 13:36:26.741218,177
temperature,2023-04-25 13:36:26.741220,E2
humidity,2023-04-25 13:36:26.741222,4
light,2023-04-25 13:36:26.741223,3128
humidity,2023-04-25 13:36:26.741226,25
temperature,2023-04-25 13:36:26.741227,133
light,2023-04-25 13:36:26.741230,4841
light,2023-04-25 13:36:26.741232,1627
weight,2023-04-25 13:36:26.741234,122
weight,2023-04-25 13:36:26.741235,152
humidity,2023-04-25 13:36:26.741237,E4
humidity,2023-04-25 13:36:26.741284,70
temperature,2023-04-25 13:36:26.741288,35
humidity,2023-04-25 13:36:26.741291,48
light,2023-04-25 13:36:26.741294,252
temperature,2023-04-25 13:36:26.741297,142
humidity,2023-04-25 13:36:26.741299,34
temperature,2023-04-25 13:36:26.741302,47
temperature,2023-04-25 13:36:26.741305,34
light,2023-04-25 13:36:26.741308,781
temperature,2023-04-25 13:36:26.741311,55
weight,2023-04-25 13:36:26.741346,125
light,2023-04-25 13:36:26.741350,4151
weight,2023-04-25 13:36:26.741353,174
weight,2023-04-25 13:36:26.741372,36
light,2023-04-25 13:36:26.741376,702
temperature,2023-04-25 13:36:26.741378,139
weight,2023-04-25 13:36:26.741380,20
light,2023-04-25 13:36:26.741382,5172
temperature,2023-04-25 13:36:26.741384,58
weight,2023-04-25 13:36:26.741386,50
light,2023-04-25 13:36:26.741388,2545
humidity,2023-04-25 13:36:26.741390,68
temperature,2023-04-25 13:36:26.741392,175
weight,2023-04-25 13:36:26.741394,95
humidity,2023-04-25 13:36:26.741396,E9
temperature,2023-04-25 13:36:26.741398,37
light,2023-04-25 13:36:26.741400,2676
weight,2023-04-25 13:36:26.741424,65
weight,2023-04-25 13:36:26.741426,92
light,2023-04-25 13:36:26.741428,5490
light,2023-04-25 13:36:26.741430,3933
temperature,2023-04-25 13:36:26.741434,142
temperature,2023-04-25 13:36:26.741468,79
humidity,2023-04-25 13:36:26.741470,63
light,2023-04-25 13:36:26.741472,79
temperature,2023-04-25 13:36:26.741475,12
weight,2023-04-25 13:36:26.741477,30
temperature,2023-04-25 13:36:26.741479,81
temperature,2023-04-25 13:36:26.741481,85
temperature,2023-04-25 13:36:26.741483,135
light,2023-04-25 13:36:26.741485,2379
temperature,2023-04-25 13:36:26.741487,192
weight,2023-04-25 13:36:26.741489,142
weight,2023-04-25 13:36:26.741491,37
temperature,2023-04-25 13:36:26.741492,92
light,2023-04-25 13:36:26.741495,969
light,2023-04-25 13:36:26.741497,2632
light,2023-04-25 13:36:26.741523,97
weight,2023-04-25 13:36:26.741525,1
temperature,2023-04-25 13:36:26.741527,184
weight,2023-04-25 13:36:26.741529,E1
weight,2023-04-25 13:36:26.741530,E0
light,2023-04-25 13:36:26.741532,5959
humidity,2023-04-25 13:36:26.741536,E1
light,2023-04-25 13:36:26.741539,3754
humidity,2023-04-25 13:36:26.741541,97
temperature,2023-04-25 13:36:26.741542,25
weight,2023-04-25 13:36:26.741544,83
weight,2023-04-25 13:36:26.741546,87
weight,2023-04-25 13:36:26.741548,163
light,2023-04-25 13:36:26.741550,3642
weight,2023-04-25 13:36:26.741552,134
humidity,2023-04-25 13:36:26.741554,65
weight,2023-04-25 13:36:26.741556,E0
temperature,2023-04-25 13:36:26.741558,95
weight,2023-04-25 13:36:26.741560,80
light,2023-04-25 13:36:26.741562,1166
humidity,2023-04-25 13:36:26.741564,45
temperature,2023-04-25 13:36:26.741566,175
humidity,2023-04-25 13:36:26.741568,69
humidity,2023-04-25 13:36:26.741570,70
temperature,2023-04-25 13:36:26.741571,76
temperature,2023-04-25 13:36:26.741573,&^%$
humidity,2023-04-25 13:36:26.741575,47
temperature,2023-04-25 13:36:26.741577,55
weight,2023-04-25 13:36:26.741579,81
weight,2023-04-25 13:36:26.741581,68
light,2023-04-25 13:36:26.741584,1326
weight,2023-04-25 13:36:26.741586,129
light,2023-04-25 13:36:26.741588,3280
temperature,2023-04-25 13:36:26.741590,157
temperature,2023-04-25 13:36:26.741592,E8
humidity,2023-04-25 13:36:26.741594,17
light,2023-04-25 13:36:26.741596,E6
weight,2023-04-25 13:36:26.741597,24
weight,2023-04-25 13:36:26.741599,125
humidity,2023-04-25 13:36:26.741601,91
light,2023-04-25 13:36:26.741603,3591
temperature,2023-04-25 13:36:26.741605,83
temperature,2023-04-25 13:36:26.741607,106
temperature,2023-04-25 13:36:26.741611,138
humidity,2023-04-25 13:36:26.741613,14
temperature,2023-04-25 13:36:26.741615,26
humidity,2023-04-25 13:36:26.741617,18
light,2023-04-25 13:36:26.741619,1577
light,2023-04-25 13:36:26.741621,3115
humidity,2023-04-25 13:36:26.741623,76
humidity,2023-04-25 13:36:26.741625,67
light,2023-04-25 13:36:26.741628,1896
light,2023-04-25 13:36:26.741630,5626
light,2023-04-25 13:36:26.741633,562
temperature,2023-04-25 13:36:26.741635,104
light,2023-04-25 13:36:26.741637,276
humidity,2023-04-25 13:36:26.741639,51
temperature,2023-04-25 13:36:26.741641,E9
weight,2023-04-25 13:36:26.741643,70
weight,2023-04-25 13:36:26.741645,69
light,2023-04-25 13:36:26.741647,1111
weight,2023-04-25 13:36:26.741649,72
temperature,2023-04-25 13:36:26.741651,20
weight,2023-04-25 13:36:26.741653,120
temperature,2023-04-25 13:36:26.741655,96
humidity,2023-04-25 13:36:26.741656,14
temperature,2023-04-25 13:36:26.741658,E0
humidity,2023-04-25 13:36:26.741660,50
weight,2023-04-25 13:36:26.741662,127
light,2023-04-25 13:36:26.741664,4335
humidity,2023-04-25 13:36:26.741666,48
temperature,2023-04-25 13:36:26.741668,143
weight,2023-04-25 13:36:26.741670,181
temperature,2023-04-25 13:36:26.741672,22
temperature,2023-04-25 13:36:26.741674,22
temperature,2023-04-25 13:36:26.741676,154
light,2023-04-25 13:36:26.741679,2057
weight,2023-04-25 13:36:26.741681,40
light,2023-04-25 13:36:26.741683,648
temperature,2023-04-25 13:36:26.741685,132
temperature,2023-04-25 13:36:26.741687,116
weight,2023-04-25 13:36:26.741689,59
humidity,2023-04-25 13:36:26.741691,E0
humidity,2023-04-25 13:36:26.741693,17
weight,2023-04-25 13:36:26.741695,14
light,2023-04-25 13:36:26.741697,807
humidity,2023-04-25 13:36:26.741699,88
light,2023-04-25 13:36:26.741701,1442
weight,2023-04-25 13:36:26.741703,4
light,2023-04-25 13:36:26.741705,4112
humidity,2023-04-25 13:36:26.741708,47
temperature,2023-04-25 13:36:26.741710,168
humidity,2023-04-25 13:36:26.741712,25
temperature,2023-04-25 13:36:26.741714,163
light,2023-04-25 13:36:26.741716,4495
temperature,2023-04-25 13:36:26.741718,62
humidity,2023-04-25 13:36:26.741720,76
weight,2023-04-25 13:36:26.741722,103
humidity,2023-04-25 13:36:26.741724,96
temperature,2023-04-25 13:36:26.741728,42
weight,2023-04-25 13:36:26.741731,5
temperature,2023-04-25 13:36:26.741733,200
temperature,2023-04-25 13:36:26.741735,176
weight,2023-04-25 13:36:26.741737,135
light,2023-04-25 13:36:26.741739,1001
weight,2023-04-25 13:36:26.741741,34
weight,2023-04-25 13:36:26.741744,173
weight,2023-04-25 13:36:26.741746,77
temperature,2023-04-25 13:36:26.741748,119
temperature,2023-04-25 13:36:26.741750,23
temperature,2023-04-25 13:36:26.741752,199
weight,2023-04-25 13:36:26.741754,5
temperature,2023-04-25 13:36:26.741756,0
humidity,2023-04-25 13:36:26.741758,18
temperature,2023-04-25 13:36:26.741760,189
light,2023-04-25 13:36:26.741762,5855
light,2023-04-25 13:36:26.741764,3161
weight,2023-04-25 13:36:26.741766,149
light,2023-04-25 13:36:26.741768,143
temperature,2023-04-25 13:36:26.741770,158
humidity,2023-04-25 13:36:26.741772,42
weight,2023-04-25 13:36:26.741774,164
humidity,2023-04-25 13:36:26.741777,2
humidity,2023-04-25 13:36:26.741779,90
light,2023-04-25 13:36:26.741781,3309
light,2023-04-25 13:36:26.741783,5170
temperature,2023-04-25 13:36:26.741785,185
humidity,2023-04-25 13:36:26.741787,25
temperature,2023-04-25 13:36:26.741789,9
weight,2023-04-25 13:36:26.741791,184
temperature,2023-04-25 13:36:26.741793,112
temperature,2023-04-25 13:36:26.741795,34
humidity,2023-04-25 13:36:26.741796,24
light,2023-04-25 13:36:26.741798,15
light,2023-04-25 13:36:26.741800,E0
humidity,2023-04-25 13:36:26.741802,48
humidity,2023-04-25 13:36:26.741804,69
weight,2023-04-25 13:36:26.741806,170
temperature,2023-04-25 13:36:26.741807,182
humidity,2023-04-25 13:36:26.741809,11
light,2023-04-25 13:36:26.741811,2531
weight,2023-04-25 13:36:26.741813,23
light,2023-04-25 13:36:26.741815,5027
humidity,2023-04-25 13:36:26.741817,97
humidity,2023-04-25 13:36:26.741819,35
humidity,2023-04-25 13:36:26.741823,29
weight,2023-04-25 13:36:26.741825,50
weight,2023-04-25 13:36:26.741827,E9
weight,2023-04-25 13:36:26.741828,E7
light,2023-04-25 13:36:26.741830,E4
temperature,2023-04-25 13:36:26.741832,199
light,2023-04-25 13:36:26.741834,3470
weight,2023-04-25 13:36:26.741836,150
weight,2023-04-25 13:36:26.741838,19
weight,2023-04-25 13:36:26.741839,97
humidity,2023-04-25 13:36:26.741841,88
humidity,2023-04-25 13:36:26.741843,39
humidity,2023-04-25 13:36:26.741845,69
humidity,2023-04-25 13:36:26.741847,36
temperature,2023-04-25 13:36:26.741849,148
temperature,2023-04-25 13:36:26.741851,39
temperature,2023-04-25 13:36:26.741852,30
humidity,2023-04-25 13:36:26.741854,100
light,2023-04-25 13:36:26.741856,3884
temperature,2023-04-25 13:36:26.741858,93
temperature,2023-04-25 13:36:26.741860,110
light,2023-04-25 13:36:26.741862,5932
temperature,2023-04-25 13:36:26.741864,36
temperature,2023-04-25 13:36:26.741867,&^%$
humidity,2023-04-25 13:36:26.741870,49
humidity,2023-04-25 13:36:26.741872,50
light,2023-04-25 13:36:26.741874,169
light,2023-04-25 13:36:26.741877,1153
humidity,2023-04-25 13:36:26.741879,14
light,2023-04-25 13:36:26.741882,3157
humidity,2023-04-25 13:36:26.741886,E5
light,2023-04-25 13:36:26.741887,2025
humidity,2023-04-25 13:36:26.741889,44
temperature,2023-04-25 13:36:26.741891,143
light,2023-04-25 13:36:26.741893,2868
weight,2023-04-25 13:36:26.741895,124
temperature,2023-04-25 13:36:26.741897,11
light,2023-04-25 13:36:26.741899,2849
weight,2023-04-25 13:36:26.741901,40
humidity,2023-04-25 13:36:26.741903,67
weight,2023-04-25 13:36:26.741905,66
humidity,2023-04-25 13:36:26.741907,
humidity,2023-04-25 13:36:26.741908,E4
humidity,2023-04-25 13:36:26.741910,17
temperature,2023-04-25 13:36:26.741912,170
weight,2023-04-25 13:36:26.741914,130
weight,2023-04-25 13:36:26.741917,180
weight,2023-04-25 13:36:26.741919,162
weight,2023-04-25 13:36:26.741921,148
light,2023-04-25 13:36:26.741923,861
humidity,2023-04-25 13:36:26.741925,24
light,2023-04-25 13:36:26.741927,2425
light,2023-04-25 13:36:26.741929,4242
weight,2023-04-25 13:36:26.741931,155
temperature,2023-04-25 13:36:26.741933,61
weight,2023-04-25 13:36:26.741935,E6
weight,2023-04-25 13:36:26.741937,E5
temperature,2023-04-25 13:36:26.741938,41
humidity,2023-04-25 13:36:26.741940,74
humidity,2023-04-25 13:36:26.741942,33
light,2023-04-25 13:36:26.741944,3232
weight,2023-04-25 13:36:26.741946,143
temperature,2023-04-25 13:36:26.741948,139
humidity,2023-04-25 13:36:26.741950,65
weight,2023-04-25 13:36:26.741952,97
weight,2023-04-25 13:36:26.741954,189
humidity,2023-04-25 13:36:26.741956,31
weight,2023-04-25 13:36:26.741958,70
light,2023-04-25 13:36:26.741960,5382
temperature,2023-04-25 13:36:26.741963,109
weight,2023-04-25 13:36:26.741965,152
weight,2023-04-25 13:36:26.741967,179
light,2023-04-25 13:36:26.741969,1320
weight,2023-04-25 13:36:26.741971,96
temperature,2023-04-25 13:36:26.741974,143
light,2023-04-25 13:36:26.741976,2081
humidity,2023-04-25 13:36:26.741978,78
light,2023-04-25 13:36:26.741980,3635
light,2023-04-25 13:36:26.741982,1037
weight,2023-04-25 13:36:26.741984,6
weight,2023-04-25 13:36:26.741986,17
weight,2023-04-25 13:36:26.741988,133
temperature,2023-04-25 13:36:26.741989,102
humidity,2023-04-25 13:36:26.741991,54
weight,2023-04-25 13:36:26.741993,142
weight,2023-04-25 13:36:26.741995,4
weight,2023-04-25 13:36:26.741997,54
weight,2023-04-25 13:36:26.742000,52
temperature,2023-04-25 13:36:26.742002,53
light,2023-04-25 13:36:26.742004,1877
humidity,2023-04-25 13:36:26.742006,31
temperature,2023-04-25 13:36:26.742008,177
light,2023-04-25 13:36:26.742012,E6
weight,2023-04-25 13:36:26.742013,5
weight,2023-04-25 13:36:26.742015,103
weight,2023-04-25 13:36:26.742017,156
temperature,2023-04-25 13:36:26.742019,141
humidity,2023-04-25 13:36:26.742021,63
weight,2023-04-25 13:36:26.742023,E1
light,2023-04-25 13:36:26.742024,3464
temperature,2023-04-25 13:36:26.742027,7
weight,2023-04-25 13:36:26.742028,144
weight,2023-04-25 13:36:26.742030,122
humidity,2023-04-25 13:36:26.742032,1
weight,2023-04-25 13:36:26.742034,167
weight,2023-04-25 13:36:26.742036,67
weight,2023-04-25 13:36:26.742038,140
light,2023-04-25 13:36:26.742040,3284
temperature,2023-04-25 13:36:26.742042,&^%$
humidity,2023-04-25 13:36:26.742044,63
humidity,2023-04-25 13:36:26.742046,52
temperature,2023-04-25 13:36:26.742048,77
humidity,2023-04-25 13:36:26.742049,93
temperature,2023-04-25 13:36:26.742053,150
temperature,2023-04-25 13:36:26.742055,97
weight,2023-04-25 13:36:26.742059,21
weight,2023-04-25 13:36:26.742061,E0
weight,2023-04-25 13:36:26.742062,160
humidity,2023-04-25 13:36:26.742064,67
weight,2023-04-25 13:36:26.742066,59
temperature,2023-04-25 13:36:26.742068,92
weight,2023-04-25 13:36:26.742070,197
light,2023-04-25 13:36:26.742072,E1
light,2023-04-25 13:36:26.742074,2915
humidity,2023-04-25 13:36:26.742076,33
temperature,2023-04-25 13:36:26.742078,50
weight,2023-04-25 13:36:26.742079,117
humidity,2023-04-25 13:36:26.742081,92
weight,2023-04-25 13:36:26.742083,1
light,2023-04-25 13:36:26.742085,2553
temperature,2023-04-25 13:36:26.742087,92
light,2023-04-25 13:36:26.742089,444
light,2023-04-25 13:36:26.742091,1641
humidity,2023-04-25 13:36:26.742093,0
weight,2023-04-25 13:36:26.742095,162
light,2023-04-25 13:36:26.742097,1365
light,2023-04-25 13:36:26.742099,786
weight,2023-04-25 13:36:26.742101,109
light,2023-04-25 13:36:26.742105,1627
temperature,2023-04-25 13:36:26.742106,129
weight,2023-04-25 13:36:26.742108,93
temperature,2023-04-25 13:36:26.742110,84
temperature,2023-04-25 13:36:26.742112,144
weight,2023-04-25 13:36:26.742114,139
weight,2023-04-25 13:36:26.742116,106
temperature,2023-04-25 13:36:26.742118,Test
weight,2023-04-25 13:36:26.742119,71
light,2023-04-25 13:36:26.742121,E6
humidity,2023-04-25 13:36:26.742123,44
light,2023-04-25 13:36:26.742125,5334
weight,2023-04-25 13:36:26.742128,110
humidity,2023-04-25 13:36:26.742130,97
humidity,2023-04-25 13:36:26.742132,59
humidity,2023-04-25 13:36:26.742134,33
humidity,2023-04-25 13:36:26.742136,52
temperature,2023-04-25 13:36:26.742138,197
temperature,2023-04-25 13:36:26.742140,139
humidity,2023-04-25 13:36:26.742142,36
temperature,2023-04-25 13:36:26.742144,111
humidity,2023-04-25 13:36:26.742145,86
humidity,2023-04-25 13:36:26.742147,85
humidity,2023-04-25 13:36:26.742151,100
humidity,2023-04-25 13:36:26.742153,9
light,2023-04-25 13:36:26.742155,5255
weight,2023-04-25 13:36:26.742157,96
temperature,2023-04-25 13:36:26.742159,53
humidity,2023-04-25 13:36:26.742161,88
temperature,2023-04-25 13:36:26.742163,58
weight,2023-04-25 13:36:26.742165,152
humidity,2023-04-25 13:36:26.742167,59
light,2023-04-25 13:36:26.742168,2021
humidity,2023-04-25 13:36:26.742170,95
weight,2023-04-25 13:36:26.742172,87
humidity,2023-04-25 13:36:26.742174,8
weight,2023-04-25 13:36:26.742176,
light,2023-04-25 13:36:26.742177,3185
humidity,2023-04-25 13:36:26.742179,E8
temperature,2023-04-25 13:36:26.742181,
temperature,2023-04-25 13:36:26.742182,154
temperature,2023-04-25 13:36:26.742184,142
humidity,2023-04-25 13:36:26.742186,75
temperature,2023-04-25 13:36:26.742189,38
temperature,2023-04-25 13:36:26.742190,65
humidity,2023-04-25 13:36:26.742193,69
light,2023-04-25 13:36:26.742197,2618
light,2023-04-25 13:36:26.742199,4857
light,2023-04-25 13:36:26.742201,634
light,2023-04-25 13:36:26.742203,1229
weight,2023-04-25 13:36:26.742204,151
light,2023-04-25 13:36:26.742207,3427
temperature,2023-04-25 13:36:26.742208,13
temperature,2023-04-25 13:36:26.742210,81
weight,2023-04-25 13:36:26.742212,64
weight,2023-04-25 13:36:26.742214,125
temperature,2023-04-25 13:36:26.742216,E5
temperature,2023-04-25 13:36:26.742218,168
weight,2023-04-25 13:36:26.742220,118
temperature,2023-04-25 13:36:26.742224,82
humidity,2023-04-25 13:36:26.742226,2
humidity,2023-04-25 13:36:26.742228,E9
light,2023-04-25 13:36:26.742229,3270
light,2023-04-25 13:36:26.742232,483
weight,2023-04-25 13:36:26.742233,19
temperature,2023-04-25 13:36:26.742235,E0
light,2023-04-25 13:36:26.742237,3206
weight,2023-04-25 13:36:26.742239,62
light,2023-04-25 13:36:26.742241,4710
temperature,2023-04-25 13:36:26.742244,85
temperature,2023-04-25 13:36:26.742246,E0
weight,2023-04-25 13:36:26.742248,51
humidity,2023-04-25 13:36:26.742250,87
humidity,2023-04-25 13:36:26.742252,73
humidity,2023-04-25 13:36:26.742254,67
temperature,2023-04-25 13:36:26.742257,52
humidity,2023-04-25 13:36:26.742259,11
temperature,2023-04-25 13:36:26.742261,195
temperature,2023-04-25 13:36:26.742263,15
humidity,2023-04-25 13:36:26.742265,47
humidity,2023-04-25 13:36:26.742266,4
humidity,2023-04-25 13:36:26.742268,24
light,2023-04-25 13:36:26.742270,4404
temperature,2023-04-25 13:36:26.742272,E4
humidity,2023-04-25 13:36:26.742274,27
humidity,2023-04-25 13:36:26.742276,21
weight,2023-04-25 13:36:26.742278,167
humidity,2023-04-25 13:36:26.742280,E2
light,2023-04-25 13:36:26.742281,5205
temperature,2023-04-25 13:36:26.742283,111
humidity,2023-04-25 13:36:26.742285,74
temperature,2023-04-25 13:36:26.742287,73
light,2023-04-25 13:36:26.742291,3165
light,2023-04-25 13:36:26.742293,
humidity,2023-04-25 13:36:26.742294,Test
temperature,2023-04-25 13:36:26.742296,167
humidity,2023-04-25 13:36:26.742298,80
weight,2023-04-25 13:36:26.742299,166
light,2023-04-25 13:36:26.742302,2586
light,2023-04-25 13:36:26.742304,974
temperature,2023-04-25 13:36:26.742306,
light,2023-04-25 13:36:26.742308,2031
light,2023-04-25 13:36:26.742310,3128
temperature,2023-04-25 13:36:26.742312,8
weight,2023-04-25 13:36:26.742313,117
light,2023-04-25 13:36:26.742316,1954
humidity,2023-04-25 13:36:26.742318,67
light,2023-04-25 13:36:26.742320,360
light,2023-04-25 13:36:26.742321,5706
weight,2023-04-25 13:36:26.742324,183
temperature,2023-04-25 13:36:26.742325,55
weight,2023-04-25 13:36:26.742327,107
temperature,2023-04-25 13:36:26.742329,53
light,2023-04-25 13:36:26.742331,3563
temperature,2023-04-25 13:36:26.742333,47
weight,2023-04-25 13:36:26.742337,41
light,2023-04-25 13:36:26.742339,1857
light,2023-04-25 13:36:26.742341,5463
humidity,2023-04-25 13:36:26.742343,35
temperature,2023-04-25 13:36:26.742345,20
humidity,2023-04-25 13:36:26.742347,88
temperature,2023-04-25 13:36:26.742349,E8
temperature,2023-04-25 13:36:26.742350,118
weight,2023-04-25 13:36:26.742352,145
temperature,2023-04-25 13:36:26.742354,147
light,2023-04-25 13:36:26.742356,678
temperature,2023-04-25 13:36:26.742358,E9
temperature,2023-04-25 13:36:26.742360,27
humidity,2023-04-25 13:36:26.742362,9
temperature,2023-04-25 13:36:26.742364,81
humidity,2023-04-25 13:36:26.742366,18
temperature,2023-04-25 13:36:26.742368,17
humidity,2023-04-25 13:36:26.742370,60
temperature,2023-04-25 13:36:26.742372,123
light,2023-04-25 13:36:26.742374,E6
light,2023-04-25 13:36:26.742375,208
humidity,2023-04-25 13:36:26.742377,&^%$
temperature,2023-04-25 13:36:26.742379,95
humidity,2023-04-25 13:36:26.742384,71
light,2023-04-25 13:36:26.742386,5067
humidity,2023-04-25 13:36:26.742388,55
weight,2023-04-25 13:36:26.742390,195
humidity,2023-04-25 13:36:26.742392,63
light,2023-04-25 13:36:26.742396,1383
weight,2023-04-25 13:36:26.742398,39
temperature,2023-04-25 13:36:26.742399,172
weight,2023-04-25 13:36:26.742401,10
humidity,2023-04-25 13:36:26.742403,91
temperature,2023-04-25 13:36:26.742405,188
light,2023-04-25 13:36:26.742407,2422
light,2023-04-25 13:36:26.742409,
light,2023-04-25 13:36:26.742411,3768
humidity,2023-04-25 13:36:26.742413,12
temperature,2023-04-25 13:36:26.742415,132
weight,2023-04-25 13:36:26.742416,84
light,2023-04-25 13:36:26.742419,3563
temperature,2023-04-25 13:36:26.742421,107
weight,2023-04-25 13:36:26.742423,E0
light,2023-04-25 13:36:26.742424,1296
weight,2023-04-25 13:36:26.742426,E2
humidity,2023-04-25 13:36:26.742428,21
light,2023-04-25 13:36:26.742431,1098
light,2023-04-25 13:36:26.742433,4368
light,2023-04-25 13:36:26.742435,5549
temperature,2023-04-25 13:36:26.742437,104
weight,2023-04-25 13:36:26.742439,173
weight,2023-04-25 13:36:26.742441,109
temperature,2023-04-25 13:36:26.742443,&^%$
humidity,2023-04-25 13:36:26.742444,6
light,2023-04-25 13:36:26.742446,3811
humidity,2023-04-25 13:36:26.742448,E5
humidity,2023-04-25 13:36:26.742450,21
humidity,2023-04-25 13:36:26.742451,93
temperature,2023-04-25 13:36:26.742453,32
temperature,2023-04-25 13:36:26.742456,2
humidity,2023-04-25 13:36:26.742458,98
humidity,2023-04-25 13:36:26.742460,46
humidity,2023-04-25 13:36:26.742462,1
light,2023-04-25 13:36:26.742464,770
light,2023-04-25 13:36:26.742466,5044
light,2023-04-25 13:36:26.742468,5633
weight,2023-04-25 13:36:26.742470,190
weight,2023-04-25 13:36:26.742472,6
light,2023-04-25 13:36:26.742474,5036
temperature,2023-04-25 13:36:26.742477,174
temperature,2023-04-25 13:36:26.742479,69
humidity,2023-04-25 13:36:26.742481,E3
light,2023-04-25 13:36:26.742482,3903
temperature,2023-04-25 13:36:26.742484,E5
weight,2023-04-25 13:36:26.742486,5
humidity,2023-04-25 13:36:26.742488,39
light,2023-04-25 13:36:26.742490,1898
humidity,2023-04-25 13:36:26.742492,54
humidity,2023-04-25 13:36:26.742494,54
humidity,2023-04-25 13:36:26.742496,31
humidity,2023-04-25 13:36:26.742498,24
weight,2023-04-25 13:36:26.742500,E7
light,2023-04-25 13:36:26.742501,2026
light,2023-04-25 13:36:26.742503,3649
weight,2023-04-25 13:36:26.742505,170
weight,2023-04-25 13:36:26.742507,163
weight,2023-04-25 13:36:26.742511,143
weight,2023-04-25 13:36:26.742513,185
temperature,2023-04-25 13:36:26.742514,69
weight,2023-04-25 13:36:26.742516,46
humidity,2023-04-25 13:36:26.742518,82
temperature,2023-04-25 13:36:26.742520,178
temperature,2023-04-25 13:36:26.742523,196
weight,2023-04-25 13:36:26.742525,33
light,2023-04-25 13:36:26.742527,1941
weight,2023-04-25 13:36:26.742529,12
temperature,2023-04-25 13:36:26.742531,
temperature,2023-04-25 13:36:26.742533,107
humidity,2023-04-25 13:36:26.742534,49
weight,2023-04-25 13:36:26.742536,118
weight,2023-04-25 13:36:26.742538,158
light,2023-04-25 13:36:26.742540,1703
light,2023-04-25 13:36:26.742543,2023
light,2023-04-25 13:36:26.742545,3376
weight,2023-04-25 13:36:26.742547,62
temperature,2023-04-25 13:36:26.742548,5
weight,2023-04-25 13:36:26.742550,140
weight,2023-04-25 13:36:26.742552,123
weight,2023-04-25 13:36:26.742554,14
weight,2023-04-25 13:36:26.742556,191
humidity,2023-04-25 13:36:26.742558,9
light,2023-04-25 13:36:26.742560,5685
light,2023-04-25 13:36:26.742563,5365
humidity,2023-04-25 13:36:26.742565,3
weight,2023-04-25 13:36:26.742567,34
weight,2023-04-25 13:36:26.742571,133
weight,2023-04-25 13:36:26.742573,138
humidity,2023-04-25 13:36:26.742575,96
weight,2023-04-25 13:36:26.742577,100
temperature,2023-04-25 13:36:26.742579,45
weight,2023-04-25 13:36:26.742581,&^%$
light,2023-04-25 13:36:26.742582,185
temperature,2023-04-25 13:36:26.742584,119
weight,2023-04-25 13:36:26.742586,131
temperature,2023-04-25 13:36:26.742588,125
humidity,2023-04-25 13:36:26.742590,44
weight,2023-04-25 13:36:26.742592,86
weight,2023-04-25 13:36:26.742594,193
temperature,2023-04-25 13:36:26.742596,157
humidity,2023-04-25 13:36:26.742597,94
weight,2023-04-25 13:36:26.742600,69
light,2023-04-25 13:36:26.742601,2147
light,2023-04-25 13:36:26.742603,2220
weight,2023-04-25 13:36:26.742605,E0
temperature,2023-04-25 13:36:26.742607,42
weight,2023-04-25 13:36:26.742609,143
humidity,2023-04-25 13:36:26.742611,&^%$
light,2023-04-25 13:36:26.742612,644
humidity,2023-04-25 13:36:26.742616,86
light,2023-04-25 13:36:26.742618,749
temperature,2023-04-25 13:36:26.742620,50
humidity,2023-04-25 13:36:26.742622,17
humidity,2023-04-25 13:36:26.742624,70
light,2023-04-25 13:36:26.742626,5361
humidity,2023-04-25 13:36:26.742628,14
temperature,2023-04-25 13:36:26.742630,114
temperature,2023-04-25 13:36:26.742632,E0
weight,2023-04-25 13:36:26.742633,116
humidity,2023-04-25 13:36:26.742635,3
humidity,2023-04-25 13:36:26.742639,32
weight,2023-04-25 13:36:26.742641,111
temperature,2023-04-25 13:36:26.742643,172
light,2023-04-25 13:36:26.742644,1282
weight,2023-04-25 13:36:26.742646,34
temperature,2023-04-25 13:36:26.742648,4
humidity,2023-04-25 13:36:26.742650,56
light,2023-04-25 13:36:26.742652,859
weight,2023-04-25 13:36:26.742654,175
light,2023-04-25 13:36:26.742656,574
weight,2023-04-25 13:36:26.742658,E3
humidity,2023-04-25 13:36:26.742659,61
light,2023-04-25 13:36:26.742663,1074
weight,2023-04-25 13:36:26.742665,71
temperature,2023-04-25 13:36:26.742667,75
weight,2023-04-25 13:36:26.742669,83
weight,2023-04-25 13:36:26.742671,103
light,2023-04-25 13:36:26.742673,3677
weight,2023-04-25 13:36:26.742675,182
light,2023-04-25 13:36:26.742677,5776
light,2023-04-25 13:36:26.742679,2708
temperature,2023-04-25 13:36:26.742681,58
temperature,2023-04-25 13:36:26.742682,123
humidity,2023-04-25 13:36:26.742684,7
weight,2023-04-25 13:36:26.742686,31
weight,2023-04-25 13:36:26.742688,198
light,2023-04-25 13:36:26.742690,5925
humidity,2023-04-25 13:36:26.742692,E7
humidity,2023-04-25 13:36:26.742694,41
humidity,2023-04-25 13:36:26.742696,61
weight,2023-04-25 13:36:26.742698,17
light,2023-04-25 13:36:26.742700,4330
light,2023-04-25 13:36:26.742702,3088
light,2023-04-25 13:36:26.742704,3398
light,2023-04-25 13:36:26.742706,2520
weight,2023-04-25 13:36:26.742710,124
light,2023-04-25 13:36:26.742712,1551
weight,2023-04-25 13:36:26.742714,65
humidity,2023-04-25 13:36:26.742716,57
weight,2023-04-25 13:36:26.742718,139
humidity,2023-04-25 13:36:26.742720,83
light,2023-04-25 13:36:26.742721,114
light,2023-04-25 13:36:26.742724,5280
humidity,2023-04-25 13:36:26.742726,25
temperature,2023-04-25 13:36:26.742728,110
weight,2023-04-25 13:36:26.742730,166
light,2023-04-25 13:36:26.742732,1458
weight,2023-04-25 13:36:26.742735,144
humidity,2023-04-25 13:36:26.742737,22
weight,2023-04-25 13:36:26.742739,E1
temperature,2023-04-25 13:36:26.742741,158
weight,2023-04-25 13:36:26.742742,41
weight,2023-04-25 13:36:26.742744,116
weight,2023-04-25 13:36:26.742746,168
humidity,2023-04-25 13:36:26.742748,12
weight,2023-04-25 13:36:26.742750,142
weight,2023-04-25 13:36:26.742752,106
light,2023-04-25 13:36:26.742754,1462
temperature,2023-04-25 13:36:26.742758,1
humidity,2023-04-25 13:36:26.742759,33
humidity,2023-04-25 13:36:26.742762,60
weight,2023-04-25 13:36:26.742764,72
temperature,2023-04-25 13:36:26.742765,16
light,2023-04-25 13:36:26.742769,2074
temperature,2023-04-25 13:36:26.742771,28
light,2023-04-25 13:36:26.742773,2356
light,2023-04-25 13:36:26.742775,1235
light,2023-04-25 13:36:26.742777,1725
temperature,2023-04-25 13:36:26.742779,44
temperature,2023-04-25 13:36:26.742781,116
weight,2023-04-25 13:36:26.742783,93
light,2023-04-25 13:36:26.742785,4868
light,2023-04-25 13:36:26.742787,992
humidity,2023-04-25 13:36:26.742789,33
temperature,2023-04-25 13:36:26.742791,110
humidity,2023-04-25 13:36:26.742792,68
temperature,2023-04-25 13:36:26.742794,94
light,2023-04-25 13:36:26.742796,411
light,2023-04-25 13:36:26.742798,1800
humidity,2023-04-25 13:36:26.742800,49
light,2023-04-25 13:36:26.742802,3755
weight,2023-04-25 13:36:26.742806,163
light,2023-04-25 13:36:26.742808,E6
temperature,2023-04-25 13:36:26.742809,111
light,2023-04-25 13:36:26.742811,E6
temperature,2023-04-25 13:36:26.742813,67
humidity,2023-04-25 13:36:26.742815,65
humidity,2023-04-25 13:36:26.742817,23
temperature,2023-04-25 13:36:26.742819,121
light,2023-04-25 13:36:26.742821,809
temperature,2023-04-25 13:36:26.742823,146
weight,2023-04-25 13:36:26.742825,168
humidity,2023-04-25 13:36:26.742827,98
temperature,2023-04-25 13:36:26.742829,E7
temperature,2023-04-25 13:36:26.742830,174
weight,2023-04-25 13:36:26.742832,99
humidity,2023-04-25 13:36:26.742834,44
weight,2023-04-25 13:36:26.742836,173
weight,2023-04-25 13:36:26.742838,4
temperature,2023-04-25 13:36:26.742840,E0
humidity,2023-04-25 13:36:26.742841,62
weight,2023-04-25 13:36:26.742843,151
weight,2023-04-25 13:36:26.742845,3
humidity,2023-04-25 13:36:26.742847,25
light,2023-04-25 13:36:26.742850,4988
weight,2023-04-25 13:36:26.742852,182
light,2023-04-25 13:36:26.742855,4431
light,2023-04-25 13:36:26.742857,659
weight,2023-04-25 13:36:26.742859,96
temperature,2023-04-25 13:36:26.742860,81
humidity,2023-04-25 13:36:26.742862,66
light,2023-04-25 13:36:26.742864,2259
weight,2023-04-25 13:36:26.742866,122
humidity,2023-04-25 13:36:26.742868,76
humidity,2023-04-25 13:36:26.742870,12
light,2023-04-25 13:36:26.742872,2924
weight,2023-04-25 13:36:26.742874,121
light,2023-04-25 13:36:26.742876,&^%$
temperature,2023-04-25 13:36:26.742877,E0
light,2023-04-25 13:36:26.742879,2605
temperature,2023-04-25 13:36:26.742881,179
humidity,2023-04-25 13:36:26.742882,E1
weight,2023-04-25 13:36:26.742884,51
light,2023-04-25 13:36:26.742886,4977
light,2023-04-25 13:36:26.742888,1003
weight,2023-04-25 13:36:26.742890,103
temperature,2023-04-25 13:36:26.742894,165
temperature,2023-04-25 13:36:26.742898,5
temperature,2023-04-25 13:36:26.742899,108
humidity,2023-04-25 13:36:26.742901,38
weight,2023-04-25 13:36:26.742903,51
temperature,2023-04-25 13:36:26.742907,32
humidity,2023-04-25 13:36:26.742909,87
light,2023-04-25 13:36:26.742911,1893
light,2023-04-25 13:36:26.742913,1887
light,2023-04-25 13:36:26.742915,1495
light,2023-04-25 13:36:26.742917,465
light,2023-04-25 13:36:26.742919,942
temperature,2023-04-25 13:36:26.742921,175
weight,2023-04-25 13:36:26.742923,191
weight,2023-04-25 13:36:26.742925,87
temperature,2023-04-25 13:36:26.742927,E9
humidity,2023-04-25 13:36:26.742928,67
light,2023-04-25 13:36:26.742930,3085
light,2023-04-25 13:36:26.742932,182
temperature,2023-04-25 13:36:26.742934,134
humidity,2023-04-25 13:36:26.742936,3
temperature,2023-04-25 13:36:26.742939,180
humidity,2023-04-25 13:36:26.742941,E5
temperature,2023-04-25 13:36:26.742942,97
humidity,2023-04-25 13:36:26.742945,54
temperature,2023-04-25 13:36:26.742947,E7
temperature,2023-04-25 13:36:26.742949,28
light,2023-04-25 13:36:26.742951,552
weight,2023-04-25 13:36:26.742953,198
light,2023-04-25 13:36:26.742955,299
light,2023-04-25 13:36:26.742957,2958
light,2023-04-25 13:36:26.742959,995
humidity,2023-04-25 13:36:26.742961,40
humidity,2023-04-25 13:36:26.742963,75
humidity,2023-04-25 13:36:26.742965,25
light,2023-04-25 13:36:26.742966,2373
light,2023-04-25 13:36:26.742968,5622
light,2023-04-25 13:36:26.742971,807
temperature,2023-04-25 13:36:26.742973,161
temperature,2023-04-25 13:36:26.742974,43
humidity,2023-04-25 13:36:26.742976,E3
weight,2023-04-25 13:36:26.742978,65
light,2023-04-25 13:36:26.742980,1181
weight,2023-04-25 13:36:26.742983,107
humidity,2023-04-25 13:36:26.742985,11
weight,2023-04-25 13:36:26.742987,180
light,2023-04-25 13:36:26.742989,2308
weight,2023-04-25 13:36:26.742998,6
weight,2023-04-25 13:36:26.743000,89
temperature,2023-04-25 13:36:26.743002,175
humidity,2023-04-25 13:36:26.743004,9
light,2023-04-25 13:36:26.743006,3814
temperature,2023-04-25 13:36:26.743008,197
light,2023-04-25 13:36:26.743010,3792
light,2023-04-25 13:36:26.743012,2501
light,2023-04-25 13:36:26.743014,1236
light,2023-04-25 13:36:26.743016,972
humidity,2023-04-25 13:36:26.743018,48
humidity,2023-04-25 13:36:26.743020,54
light,2023-04-25 13:36:26.743022,4753
light,2023-04-25 13:36:26.743024,2741
temperature,2023-04-25 13:36:26.743026,0
humidity,2023-04-25 13:36:26.743028,64
light,2023-04-25 13:36:26.743031,3386
temperature,2023-04-25 13:36:26.743033,104
humidity,2023-04-25 13:36:26.743035,69
temperature,2023-04-25 13:36:26.743037,49
temperature,2023-04-25 13:36:26.743039,155
weight,2023-04-25 13:36:26.743041,144
humidity,2023-04-25 13:36:26.743043,61
weight,2023-04-25 13:36:26.743046,83
humidity,2023-04-25 13:36:26.743048,88
light,2023-04-25 13:36:26.743050,4426
temperature,2023-04-25 13:36:26.743052,68
weight,2023-04-25 13:36:26.743055,89
temperature,2023-04-25 13:36:26.743056,48
temperature,2023-04-25 13:36:26.743058,2
humidity,2023-04-25 13:36:26.743060,6
light,2023-04-25 13:36:26.743062,178
humidity,2023-04-25 13:36:26.743064,32
weight,2023-04-25 13:36:26.743066,80
humidity,2023-04-25 13:36:26.743068,74
temperature,2023-04-25 13:36:26.743070,E3
humidity,2023-04-25 13:36:26.743071,94
light,2023-04-25 13:36:26.743073,2517
temperature,2023-04-25 13:36:26.743075,154
weight,2023-04-25 13:36:26.743077,E6
weight,2023-04-25 13:36:26.743079,E3
light,2023-04-25 13:36:26.743080,2278
temperature,2023-04-25 13:36:26.743084,190
humidity,2023-04-25 13:36:26.743086,39
temperature,2023-04-25 13:36:26.743088,174
weight,2023-04-25 13:36:26.743090,181
light,2023-04-25 13:36:26.743093,120
light,2023-04-25 13:36:26.743095,3681
humidity,2023-04-25 13:36:26.743097,80
weight,2023-04-25 13:36:26.743099,142
weight,2023-04-25 13:36:26.743101,81
light,2023-04-25 13:36:26.743103,4056
temperature,2023-04-25 13:36:26.743105,62
light,2023-04-25 13:36:26.743107,5874
weight,2023-04-25 13:36:26.743109,129
humidity,2023-04-25 13:36:26.743111,41
weight,2023-04-25 13:36:26.743113,172
temperature,2023-04-25 13:36:26.743115,E5
weight,2023-04-25 13:36:26.743117,E5
temperature,2023-04-25 13:36:26.743118,185
humidity,2023-04-25 13:36:26.743120,E2
weight,2023-04-25 13:36:26.743122,2
light,2023-04-25 13:36:26.743123,2888
weight,2023-04-25 13:36:26.743125,E0
temperature,2023-04-25 13:36:26.743127,170
light,2023-04-25 13:36:26.743129,5611
temperature,2023-04-25 13:36:26.743131,14
humidity,2023-04-25 13:36:26.743133,48
temperature,2023-04-25 13:36:26.743135,38
light,2023-04-25 13:36:26.743138,1835
weight,2023-04-25 13:36:26.743140,160
light,2023-04-25 13:36:26.743142,531
temperature,2023-04-25 13:36:26.743144,200
light,2023-04-25 13:36:26.743146,1804
humidity,2023-04-25 13:36:26.743148,91
weight,2023-04-25 13:36:26.743150,170
humidity,2023-04-25 13:36:26.743152,14
weight,2023-04-25 13:36:26.743154,32
temperature,2023-04-25 13:36:26.743156,&^%$
weight,2023-04-25 13:36:26.743159,6
temperature,2023-04-25 13:36:26.743160,87
temperature,2023-04-25 13:36:26.743162,2
weight,2023-04-25 13:36:26.743165,12
weight,2023-04-25 13:36:26.743167,93
weight,2023-04-25 13:36:26.743169,118
temperature,2023-04-25 13:36:26.743171,149
temperature,2023-04-25 13:36:26.743173,E9
temperature,2023-04-25 13:36:26.743174,158
humidity,2023-04-25 13:36:26.743176,76
humidity,2023-04-25 13:36:26.743178,19
temperature,2023-04-25 13:36:26.743180,61
weight,2023-04-25 13:36:26.743182,50
humidity,2023-04-25 13:36:26.743186,68
light,2023-04-25 13:36:26.743188,1844
weight,2023-04-25 13:36:26.743189,46
weight,2023-04-25 13:36:26.743191,154
temperature,2023-04-25 13:36:26.743193,97
humidity,2023-04-25 13:36:26.743195,19
temperature,2023-04-25 13:36:26.743197,
light,2023-04-25 13:36:26.743199,2625
weight,2023-04-25 13:36:26.743201,24
weight,2023-04-25 13:36:26.743202,144
weight,2023-04-25 13:36:26.743204,105
light,2023-04-25 13:36:26.743206,1924
humidity,2023-04-25 13:36:26.743208,10
weight,2023-04-25 13:36:26.743210,38
temperature,2023-04-25 13:36:26.743212,47
light,2023-04-25 13:36:26.743214,5246
temperature,2023-04-25 13:36:26.743215,35
humidity,2023-04-25 13:36:26.743217,8
weight,2023-04-25 13:36:26.743219,113
temperature,2023-04-25 13:36:26.743221,11
light,2023-04-25 13:36:26.743223,3336
humidity,2023-04-25 13:36:26.743225,94
temperature,2023-04-25 13:36:26.743227,E5
temperature,2023-04-25 13:36:26.743230,147
light,2023-04-25 13:36:26.743232,4231
light,2023-04-25 13:36:26.743234,2716
light,2023-04-25 13:36:26.743236,E5
humidity,2023-04-25 13:36:26.743238,Test
weight,2023-04-25 13:36:26.743239,E4
weight,2023-04-25 13:36:26.743241,E0
temperature,2023-04-25 13:36:26.743242,194
temperature,2023-04-25 13:36:26.743244,126
humidity,2023-04-25 13:36:26.743246,39
humidity,2023-04-25 13:36:26.743248,81
light,2023-04-25 13:36:26.743257,1055
light,2023-04-25 13:36:26.743259,1208
humidity,2023-04-25 13:36:26.743261,83
weight,2023-04-25 13:36:26.743263,84
temperature,2023-04-25 13:36:26.743265,17
temperature,2023-04-25 13:36:26.743267,164
weight,2023-04-25 13:36:26.743268,75
humidity,2023-04-25 13:36:26.743270,34
light,2023-04-25 13:36:26.743272,3167
light,2023-04-25 13:36:26.743274,91
temperature,2023-04-25 13:36:26.743276,2
weight,2023-04-25 13:36:26.743278,197
light,2023-04-25 13:36:26.743282,710
weight,2023-04-25 13:36:26.743283,52
humidity,2023-04-25 13:36:26.743286,27
temperature,2023-04-25 13:36:26.743287,164
light,2023-04-25 13:36:26.743291,379
humidity,2023-04-25 13:36:26.743293,24
weight,2023-04-25 13:36:26.743295,61
humidity,2023-04-25 13:36:26.743297,85
temperature,2023-04-25 13:36:26.743298,
light,2023-04-25 13:36:26.743300,728
light,2023-04-25 13:36:26.743302,1943
temperature,2023-04-25 13:36:26.743304,
light,2023-04-25 13:36:26.743305,4870
weight,2023-04-25 13:36:26.743307,86
light,2023-04-25 13:36:26.743309,2366
temperature,2023-04-25 13:36:26.743311,94
humidity,2023-04-25 13:36:26.743313,3
humidity,2023-04-25 13:36:26.743315,60
temperature,2023-04-25 13:36:26.743317,147
temperature,2023-04-25 13:36:26.743319,99
light,2023-04-25 13:36:26.743321,4810
light,2023-04-25 13:36:26.743323,3427
weight,2023-04-25 13:36:26.743324,148
weight,2023-04-25 13:36:26.743328,19
light,2023-04-25 13:36:26.743330,1334
temperature,2023-04-25 13:36:26.743332,45
humidity,2023-04-25 13:36:26.743333,47
light,2023-04-25 13:36:26.743335,1501
light,2023-04-25 13:36:26.743337,E7
temperature,2023-04-25 13:36:26.743339,160
light,2023-04-25 13:36:26.743341,E9
humidity,2023-04-25 13:36:26.743342,40
temperature,2023-04-25 13:36:26.743344,130
humidity,2023-04-25 13:36:26.743346,75
humidity,2023-04-25 13:36:26.743348,E2
